00000000000000000000000000000000
00000000000000000000000000000000
00000000000000000000000000000000
00000000000000000000000000000000
00000000000200000000200000000000
00000000002220000002220000000000
00000000002222000022220000000000
00000000002222200222220000000000
00000000002222333322220000000000
00000000002313133131320000000000
00000000002333333333320000000000
00000000002341333314320000000000
00000000002311333311320000000000
00000000002333411433320000000000
00000000002334444443320000000000
00000000333234444443233300000000
00000033222023333332022233000000
00003322222333444433322222330000
00332222222334444443322222223300
00322222222324444442322222222300
00033222222334444443322222233000
00000333333234444443233323300000
00000000000233444433222332000000
00000000000023344332000233200000
00000000000002222220000023320000
00000000000002200220000002332000
00000000000001100110000000222000
00000000000000000000000000000000
00000000000000000000000000000000
00000000000000000000000000000000
00000000000000000000000000000000
00000000000000000000000000000000
