00000000000000000000000000000000
00000000000000000000000000000000
00000000000000000000000000000000
00000000000200000000200000000000
00000000002220000002220000000000
00000000002222000022220000000000
00000003302222200222220330000000
00000003232222333322223230000000
00000003222313133131322230000000
00000003222333333333322230000000
00000000322341333314322300000000
00000000322311333311322300000000
00000000322333411433322300000000
00000000032334444443323000000000
00000000032234444443223000000000
00000000033023333332033000232000
00000000002333444433320002332000
00000000002334444443320023320000
00000000002324444442320233200000
00000000002334444443322332000000
00000000000234444443233320000000
00000000000233444433222220000000
00000000000023344332000000000000
00000000000002222220000000000000
00000000000002200220000000000000
00000000000001100110000000000000
00000000000000000000000000000000
00000000000000000000000000000000
00000000000000000000000000000000
00000000000000000000000000000000
00000000000000000000000000000000
00000000000000000000000000000000
