00000000000000000000000000000000
00000000000000000000000000000000
00000000000000000000000000000000
00000000000200000000200000000000
00000000002220000002220000000000
00000000002222000022220000000000
00000000002223333332220000000000
00000220002313133131320002200000
00000232002333333333320023200000
00000233202341333314320233200000
00000023322311333311322332000000
00000023332333411433323332000000
00000002332334444443323320000000
00000000233234444443233200000000
00000000022023333332022000000000
00000000002333444433320000000000
00000000002334444443320000000000
00000000002324444442320000222000
00000000002334444443320022333200
00000000000234444443233333220000
00000000000233444433222222200000
00000000000023344332000000000000
00000000000002222220000000000000
00000000000000000000000000000000
00000000000002200220000000000000
00000000000001100110000000000000
00000000000000000000000000000000
00000000000000000000000000000000
00000000000000000000000000000000
00000000000000000000000000000000
00000000000000000000000000000000
00000000000000000000000000000000
