00000000000000000000000000000000
00000000000000000000000000000000
00000000000000000000000000000000
00000000000000000000000000000000
00000000000000000000000000000000
00000000000000000000000000000000
00000000000200000000200000000000
00000000002220000002220000000000
00000000002222000022220000000000
00000000002223333332220000000000
00000000002313133131320000000000
00000000002333333333320000000000
00000000002341333314320000000000
00000000002311333311320000000000
00000000002333411433320000000000
00000000002334444443320000000000
00000000000234444443200000000000
00000000022023333332022000000000
00000000232333444433323200000000
00000002332334444443323320000000
00000023332324444442323332222000
00000023332334444443323332333200
00000023300234444443233332220000
00000002300233444433222322200000
00000002200023344332000220000000
00000000000002222220000000000000
00000000000001100110000000000000
00000000000000000000000000000000
00000000000000000000000000000000
00000000000000000000000000000000
00000000000000000000000000000000
00000000000000000000000000000000
