00000000000000000000000000000000
00000000000000000000000000000000
00000000000000000000000000000000
00000000000000000000000000000000
00000000000200000000200000000000
00000000002220000002220000000000
00000000002222000022220000000000
00000000002222200222220000000000
00000000002222333322220000000000
00000000002313133131320000000000
00000000002333333333320000000000
00000000002341333314320000000000
00000000002311333311320000000000
00000000002333411433320000000000
00000000002334444443320000000000
00000000333234444443233300000000
00000033222023333332022233232000
00000322222333444433322222332000
00000322222334444443322223320000
00000033222324444442322233200000
00000000332334444443322332000000
00000000000234444443233320000000
00000000000233444433222220000000
00000000000023344332000000000000
00000000000002222220000000000000
00000000000002200220000000000000
00000000000001100110000000000000
00000000000000000000000000000000
00000000000000000000000000000000
00000000000000000000000000000000
00000000000000000000000000000000
00000000000000000000000000000000
