00000000000000000000000000000000
00000000000000000000000000000000
00000000000000000000000000000000
00000000000000000000000000000000
00000000000200000000200000000000
00000000002220000002220000000000
00000000002222000022220000000000
00000000002223333332220000000000
00000000002313133131320000000000
00000000002333333333320000000000
00000000002341333314320000000000
00000000002311333311320000000000
00000000002333411433320000000000
00222222222334444443322222222200
00233233333234444443233333233200
00022323333023333332033332322000
00000223232333444433323232200000
00000002222334444443322220000000
00000000002324444442320000000000
00000000002334444443320000000000
00000000000234444443233320000000
00000000000233444433222333200000
00000000000023344332000223322000
00000000000002222220000002233200
00000000000000000000000000022200
00000000000002200220000000000000
00000000000001100110000000000000
00000000000000000000000000000000
00000000000000000000000000000000
00000000000000000000000000000000
00000000000000000000000000000000
00000000000000000000000000000000
